1 10
100 200
200 100
201 210
900 1000
10 1
200 100 
10 10
8 8
1 1 
1000 2000
1 1000
2 1000
3 1000
3001 4000
3001 4001
1000 5000
426141	571096
527716	631046
580087	647997
578325	969438
132094	194120
903080	164471
687914	767076
705760	194529
779148	424197
976401	64999
634624	516142
425767	735410
139049	82669
555516	383607
298618	47952
553667	780341
393405	607636
491220	604902
894627	713334
825243	111801
204027	769708
802584	345463
432025	237223
606499	819035
669887	888264
397224	611556
152282	532694
755556	362547
434896	344919
755259	541252
158125	91049
288817	444046
928008	476154
324278	705103
105776	968295
720843	196632
982767	990884
734182	66761
609275	959656
100350	209304
109121	257561
839008	308723
230203	744851
646264	415671
977774	872541
827496	453492
137673	545145
109238	29331
177941	625299
208806	388267
27904	318153
183452	584377
767625	438660
843018	349178
781310	946863
873859	5367
950028	486817
474849	387991
847440	354229
24098	419631
71910	996746
267594	645464
289322	59340
610614	663151
95338	592864
608068	752216
802802	260619
986042	236806
903415	539817
958835	607717
132929	418881
634101	358005
793935	470036
290773	142774
275207	533957
70736	462600
228322	340660
948778	50910
769995	784717
536095	958780
455128	985165
199019	305808
488882	956448
242267	804414
629717	805500
916750	650931
648404	467074
970583	583836
515990	530930
485643	357882
788545	313298
209762	468464
356547	38536
120826	627527
493748	41687
917259	875454
915259	69224
406040	190169
623099	939067
566100	610111